,X_1,X_2,X_3,X_4,X_6,X_7
X_1,243.0553870446681,-3.719149416119848,3.956357526394446,0.36234657788626945,41.75291184799378,40.55132163558948
X_2,-3.719149416119848,8.63722895594413,0.9494235719205816,1.2206277466938968,-15.036843462113254,-2.507762242550948
X_3,3.956357526394446,0.9494235719205816,16.998183808453472,9.616141597483214,-1.4675973200726593,9.180100542591628
X_4,0.36234657788626945,1.2206277466938968,9.616141597483214,12.836599658412979,9.262209318719204,1.4641859816396976
X_6,41.75291184799378,-15.036843462113254,-1.4675973200726593,9.262209318719204,5852.1893889499825,92.46506890148353
X_7,40.55132163558948,-2.507762242550948,9.180100542591628,1.4641859816396976,92.46506890148353,653.1099427801478
